((("absolute" .
   [1 0 0 0 0 0 0 0])
  ("lang" .
   [1 0 0 0])
  ("auto" .
   [1 0 0 0])
  ("SET_SELECTED_BOROUGH" .
   [1 0 0 0 0 0 0 0 0 0 0 0 0 0 0 0 0 0 0 0])
  ("selectedBorough" .
   [2 0 0 0 0 0 0 0 0 0 0 0 0 0 0])
  ("type" .
   [1 0 0 0])
  ("js2-RP" .
   [0 0 0 1 0 0])
  ("web" .
   [1 0 0])
  ("useState" .
   [1 0 0 0 0 0 0 0])
  ("g" .
   [1])
  ("tracks" .
   [1 0 0 0 0 0])
  ("fetchJoke" .
   [1 0 0 0 0 0 0 0 0])
  ("const" .
   [6 0 0 0 0])
  ("--exclude" .
   [3 0 0 0 0 0 0 0 0])
  ("import-audio" .
   [0 0 0 0 1 0 0 0 0 0 0 0])
  ("handle-ties" .
   [1 0 0 0 0 0 0 0 0 0 0])
  ("tied-to" .
   [1 0 0 0 0 0 0])
  ("sc" .
   [8 0])
  ("default-dir" .
   [1 0 0 0 0 0 0 0 0 0 0])
  ("mod" .
   [1 0 0])
  ("num" .
   [1 0 0])
  ("incf" .
   [4 0 0 0])
  ("tally" .
   [5 0 0 0 0])
  ("let" .
   [4 0 0])
  (":duration" .
   [2 0 0 0 0 0 0 0 0])
  ("make-rhythm" .
   [1 0 0 0 0 0 0 0 0 0 0])
  ("hook" .
   [1 0 0 0])
  ("web-mode-hook" .
   [1 0 0 0 0 0 0 0 0 0 0 0 0])
  ("lisp-mode-hook" .
   [1 0 0 0 0 0 0 0 0 0 0 0 0 0])
  ("dolist" .
   [1 0 0 0 0 0])
  ("lisp" .
   [1 0 0 0])
  ("vlc" .
   [2 0 0])
  ("with" .
   [3 0 0 0])
  ("do" .
   [3 0])
  ("when" .
   [2 0 0 0])
  ("lastvv" .
   [7 0 0 0 0 0])
  ("if" .
   [1 0])
  ("and" .
   [5 0 0])
  ("equal-within-tolerance" .
   [0 0 0 0 0 0 0 1 0 0 0 0 0 0 0 0 0 0 0 0 0 0])
  ("freq" .
   [3 0 0 0])
  ("vv" .
   [5 0])
  ("freq-to-midi" .
   [0 0 0 0 0 0 0 0 0 1 0 0])
  ("amp" .
   [5 0 0])
  ("print" .
   [5 0 0 0 0])
  ("pitches" .
   [1 0 0 0 0 0 0])
  ("the" .
   [1 0 0])
  ("same" .
   [1 0 0 0])
  ("amp-tolerance" .
   [1 0 0 0 0 0 0 0 0 0 0 0 0])
  ("evlist" .
   [2 0 0 0 0 0])
  ("hs" .
   [1 0])
  ("setf" .
   [8 0 0 0])
  ("push?" .
   [4 0 0 0 0])
  ("p" .
   [1])
  ("ev" .
   [2 0])
  ("make-event" .
   [2 0 0 0 0 0 0 0 0 0])
  ("pitch-or-chord" .
   [1 0 0 0 0 0 0 0 0 0 0 0 0 0])
  ("freq-to-note" .
   [1 0 0 0 0 0 0 0 0 0 0 0])
  ("r" .
   [1])
  ("new-rthm" .
   [2 0 0 0 0 0 1 0])
  ("push" .
   [1 0 0 0])
  ("progn" .
   [2 0 0 0 0])
  ("nill" .
   [1 0 0 0])
  ("new-amp" .
   [2 0 0 0 0 0 0])
  ("w" .
   [1])
  ("new-freq" .
   [3 0 0 0 0 0 0 0])
  ("new-dur" .
   [3 0 0 0 0 0 0])
  ("dur" .
   [2 0 0])
  ("last" .
   [1 0 0 0])
  ("loop" .
   [3 0 0 0])
  ("for" .
   [1 0 0])
  ("in" .
   [1 0])
  ("make-up-to-four" .
   [0 0 0 0 0 0 0 1 0 0 0 0 0 0 0])
  ("rem" .
   [1 0 0])
  ("do*" .
   [0 0 1])
  ("l" .
   [1])
  ("repeat" .
   [1 0 0 0 0 0])
  ("unless" .
   [1 0 0 0 0 0])
  ("eql" .
   [1 0 0])
  ("duration" .
   [1 0 0 0 0 0 0 0])
  ("decimal-places" .
   [3 0 0 0 0 0 0 0 0 0 0 0 0 0])
  ("bar-list-to-bars" .
   [1 0 0 0 0 0 0 0 0 0 0 0 0 0 0 0])
  ("v" .
   [1])
  ("bars" .
   [1 0 0 0])
  ("t" .
   [1])
  ("bars-to-sc" .
   [1 0 0 0 0 0 0 0 0 0])
  ("midi-play" .
   [1 0 0 0 0 0 0 0 0])
  ("let*" .
   [2 0 0 0])
  ("already" .
   [0 0 0 0 1 0 0])
  ("track_id" .
   [1 0 0 0 0 0 0 0])
  ("then" .
   [2 0 0 0])
  ("return" .
   [1 0 0 0 0 0])
  ("true" .
   [2 0 0 0])
  ("isLoading" .
   [2 0 0 0 0 0 0 0 0])
  ("IS_LOADING" .
   [2 0 0 0 0 0 0 0 0 0])
  ("finally" .
   [1 0 0 0 0 0 0])
  ("title" .
   [1 0 0 0 0])
  ("logo" .
   [1 0 0 0])
  (":cl-user" .
   [1 0 0 0 0 0 0 0])
  ("nil" .
   [1 0 0])))
